976	|	68336	|	phylum	|		|	0	|	1	|	11	|	1	|	0	|	1	|	0	|	0	|		|
1090	|	68336	|	phylum	|		|	0	|	1	|	11	|	1	|	0	|	1	|	0	|	0	|		|
1117	|	1798711	|	phylum	|		|	0	|	1	|	11	|	1	|	0	|	1	|	0	|	0	|		|
1224	|	2	|	phylum	|		|	0	|	1	|	11	|	1	|	0	|	1	|	0	|	0	|		|
1239	|	1783272	|	phylum	|		|	0	|	1	|	11	|	1	|	0	|	1	|	0	|	0	|		|
1297	|	1783272	|	phylum	|		|	0	|	1	|	11	|	1	|	0	|	1	|	0	|	0	|		|
2833	|	569578	|	phylum	|		|	4	|	1	|	1	|	1	|	1	|	1	|	0	|	0	|		|
2836	|	33634	|	phylum	|		|	4	|	1	|	1	|	1	|	1	|	1	|	0	|	0	|		|
2870	|	569578	|	phylum	|		|	4	|	1	|	1	|	1	|	1	|	1	|	0	|	0	|		|
3035	|	33682	|	phylum	|		|	4	|	0	|	1	|	1	|	4	|	1	|	0	|	0	|		|
3041	|	33090	|	phylum	|		|	4	|	1	|	1	|	1	|	1	|	1	|	0	|	0	|		|
4761	|	4751	|	phylum	|		|	4	|	1	|	1	|	1	|	4	|	1	|	0	|	0	|		|
4890	|	451864	|	phylum	|		|	4	|	1	|	1	|	1	|	4	|	1	|	0	|	0	|		|
5204	|	451864	|	phylum	|		|	4	|	1	|	1	|	1	|	4	|	1	|	0	|	0	|		|
5302	|	5204	|	subphylum	|		|	4	|	1	|	1	|	1	|	4	|	1	|	0	|	0	|		|
5747	|	33634	|	phylum	|		|	4	|	1	|	1	|	1	|	1	|	1	|	0	|	0	|		|
5794	|	33630	|	phylum	|		|	1	|	1	|	1	|	1	|	4	|	1	|	0	|	0	|		|
6029	|	4751	|	phylum	|		|	4	|	1	|	1	|	1	|	1	|	0	|	0	|	0	|		|
6040	|	33208	|	phylum	|		|	1	|	1	|	1	|	1	|	4	|	0	|	0	|	0	|		|
6073	|	6072	|	phylum	|		|	1	|	1	|	1	|	1	|	4	|	0	|	0	|	0	|		|
6157	|	33213	|	phylum	|		|	1	|	1	|	1	|	1	|	9	|	0	|	0	|	0	|		|
6217	|	1206795	|	phylum	|		|	1	|	1	|	1	|	1	|	5	|	1	|	0	|	0	|		|
6231	|	1206794	|	phylum	|		|	1	|	1	|	1	|	1	|	5	|	1	|	0	|	0	|		|
6340	|	1206795	|	phylum	|		|	1	|	1	|	1	|	1	|	5	|	1	|	0	|	0	|		|
6447	|	1206795	|	phylum	|		|	1	|	1	|	1	|	1	|	5	|	1	|	0	|	0	|		|
6656	|	88770	|	phylum	|		|	1	|	1	|	1	|	1	|	5	|	1	|	0	|	0	|		|
6657	|	197562	|	subphylum	|		|	1	|	1	|	1	|	1	|	5	|	1	|	0	|	0	|		|
6843	|	6656	|	subphylum	|		|	1	|	1	|	1	|	1	|	5	|	1	|	0	|	0	|		|
7568	|	1206795	|	phylum	|		|	1	|	1	|	1	|	1	|	5	|	1	|	0	|	0	|		|
7586	|	33511	|	phylum	|		|	1	|	1	|	1	|	1	|	9	|	0	|	0	|	0	|		|
7711	|	33511	|	phylum	|		|	1	|	1	|	1	|	1	|	5	|	1	|	0	|	0	|		|
7712	|	7711	|	subphylum	|		|	1	|	1	|	1	|	1	|	5	|	1	|	0	|	0	|		|
7735	|	7711	|	subphylum	|		|	1	|	1	|	1	|	1	|	5	|	1	|	0	|	0	|		|
10190	|	1206795	|	phylum	|		|	1	|	1	|	1	|	1	|	5	|	1	|	0	|	0	|		|
10197	|	6072	|	phylum	|		|	1	|	1	|	1	|	1	|	4	|	0	|	0	|	0	|		|
10205	|	1206795	|	phylum	|		|	1	|	1	|	1	|	1	|	5	|	1	|	0	|	0	|		|
10213	|	33208	|	superphylum	|		|	1	|	1	|	1	|	1	|	1	|	1	|	0	|	0	|		|
10214	|	10213	|	phylum	|		|	1	|	1	|	1	|	1	|	5	|	0	|	0	|	0	|		|
10219	|	33511	|	phylum	|		|	1	|	1	|	1	|	1	|	5	|	1	|	0	|	0	|		|
10226	|	33208	|	phylum	|		|	1	|	1	|	1	|	1	|	4	|	0	|	0	|	0	|		|
10229	|	33511	|	phylum	|		|	1	|	1	|	1	|	1	|	5	|	1	|	0	|	0	|		|
10232	|	1206795	|	phylum	|		|	1	|	1	|	1	|	1	|	5	|	1	|	0	|	0	|		|
27563	|	88770	|	phylum	|		|	1	|	1	|	1	|	1	|	5	|	1	|	0	|	0	|		|
28889	|	1783275	|	phylum	|		|	0	|	1	|	11	|	1	|	0	|	1	|	0	|	0	|		|
28890	|	2157	|	phylum	|		|	0	|	1	|	11	|	1	|	0	|	1	|	0	|	0	|		|
29000	|	5204	|	subphylum	|		|	4	|	1	|	1	|	1	|	4	|	1	|	0	|	0	|		|
31291	|	1871466	|	phylum	|		|	1	|	1	|	1	|	1	|	4	|	0	|	0	|	0	|		|
32066	|	2	|	phylum	|		|	0	|	1	|	11	|	1	|	0	|	1	|	0	|	0	|		|
33209	|	10213	|	phylum	|		|	1	|	1	|	1	|	1	|	1	|	1	|	0	|	0	|		|
33310	|	1206794	|	phylum	|		|	1	|	1	|	1	|	1	|	5	|	1	|	0	|	0	|		|
33313	|	1206795	|	phylum	|		|	1	|	1	|	1	|	1	|	5	|	1	|	0	|	0	|		|
33467	|	1215728	|	phylum	|		|	1	|	1	|	1	|	1	|	5	|	1	|	0	|	0	|		|
35493	|	33090	|	phylum	|		|	4	|	1	|	1	|	1	|	1	|	1	|	0	|	0	|		|
40117	|	2	|	phylum	|		|	0	|	1	|	11	|	1	|	0	|	1	|	0	|	0	|		|
42241	|	88770	|	phylum	|		|	1	|	1	|	1	|	1	|	5	|	1	|	0	|	0	|		|
43120	|	1206795	|	phylum	|		|	1	|	1	|	1	|	1	|	5	|	1	|	0	|	0	|		|
51516	|	1215728	|	phylum	|		|	1	|	1	|	1	|	1	|	5	|	1	|	0	|	0	|		|
51967	|	1783275	|	phylum	|		|	0	|	1	|	11	|	1	|	0	|	1	|	0	|	0	|		|
57723	|	2	|	phylum	|		|	0	|	1	|	11	|	1	|	0	|	1	|	0	|	0	|		|
61985	|	197563	|	subphylum	|		|	1	|	1	|	1	|	1	|	5	|	1	|	0	|	0	|		|
62680	|	1783270	|	phylum	|		|	0	|	1	|	11	|	1	|	0	|	1	|	0	|	0	|		|
65842	|	1783270	|	phylum	|		|	0	|	1	|	11	|	1	|	0	|	1	|	0	|	0	|		|
66780	|	33213	|	phylum	|		|	1	|	1	|	1	|	1	|	5	|	1	|	0	|	0	|		|
67810	|	1783234	|	phylum	|		|	0	|	1	|	11	|	1	|	0	|	1	|	0	|	0	|		|
67812	|	1783257	|	phylum	|		|	0	|	1	|	11	|	1	|	0	|	1	|	0	|	0	|		|
67814	|	2	|	phylum	|		|	0	|	1	|	11	|	1	|	0	|	1	|	0	|	0	|		|
67817	|	1783234	|	phylum	|		|	0	|	1	|	11	|	1	|	0	|	1	|	0	|	0	|		|
67818	|	1783234	|	phylum	|		|	0	|	1	|	11	|	1	|	0	|	1	|	0	|	0	|		|
67819	|	1783272	|	phylum	|		|	0	|	1	|	11	|	1	|	0	|	1	|	0	|	0	|		|
67820	|	1794810	|	phylum	|		|	0	|	1	|	11	|	1	|	0	|	1	|	0	|	0	|		|
68297	|	2	|	phylum	|		|	0	|	1	|	11	|	1	|	0	|	1	|	0	|	0	|		|
68525	|	1224	|	subphylum	|		|	0	|	1	|	11	|	1	|	0	|	1	|	1	|	0	|		|
69815	|	1206795	|	phylum	|		|	1	|	1	|	1	|	1	|	5	|	1	|	0	|	0	|		|
74015	|	1783270	|	phylum	|		|	0	|	1	|	11	|	1	|	0	|	1	|	0	|	0	|		|
74152	|	2	|	phylum	|		|	0	|	1	|	11	|	1	|	0	|	1	|	0	|	0	|		|
74201	|	1783257	|	phylum	|		|	0	|	1	|	11	|	1	|	0	|	1	|	0	|	0	|		|
89593	|	7711	|	subphylum	|		|	10	|	0	|	1	|	1	|	2	|	0	|	0	|	0	|		|
91989	|	33634	|	phylum	|		|	4	|	1	|	1	|	1	|	1	|	1	|	0	|	0	|		|
95818	|	1783234	|	phylum	|		|	0	|	1	|	11	|	1	|	0	|	1	|	0	|	0	|		|
104731	|	1206795	|	phylum	|		|	1	|	1	|	1	|	1	|	5	|	1	|	0	|	0	|		|
110814	|	1312402	|	subphylum	|		|	1	|	1	|	1	|	1	|	5	|	1	|	0	|	0	|		|
115360	|	7568	|	subphylum	|		|	1	|	1	|	1	|	1	|	5	|	1	|	0	|	0	|		|
115365	|	7568	|	subphylum	|		|	1	|	1	|	1	|	1	|	5	|	1	|	0	|	0	|		|
115369	|	7568	|	subphylum	|		|	1	|	1	|	1	|	1	|	5	|	1	|	0	|	0	|		|
120557	|	7568	|	subphylum	|		|	1	|	1	|	1	|	1	|	5	|	1	|	0	|	0	|		|
131221	|	35493	|	subphylum	|		|	4	|	1	|	1	|	1	|	1	|	1	|	1	|	0	|		|
134625	|	1783257	|	phylum	|		|	0	|	1	|	11	|	1	|	0	|	1	|	0	|	0	|		|
142182	|	1783270	|	phylum	|		|	0	|	1	|	11	|	1	|	0	|	1	|	0	|	0	|		|
142187	|	1783270	|	phylum	|		|	0	|	1	|	11	|	1	|	0	|	1	|	0	|	0	|		|
147099	|	1312402	|	subphylum	|		|	1	|	1	|	1	|	1	|	5	|	0	|	0	|	0	|		|
147537	|	716545	|	subphylum	|		|	4	|	1	|	1	|	1	|	4	|	1	|	0	|	0	|		|
147538	|	716545	|	subphylum	|		|	4	|	1	|	1	|	1	|	4	|	1	|	0	|	0	|		|
157124	|	33634	|	phylum	|		|	4	|	1	|	1	|	1	|	1	|	1	|	0	|	0	|		|
192989	|	1783276	|	phylum	|		|	0	|	1	|	11	|	1	|	0	|	1	|	0	|	0	|		|
200783	|	2	|	phylum	|		|	0	|	1	|	11	|	1	|	0	|	1	|	0	|	0	|		|
200795	|	1783272	|	phylum	|		|	0	|	1	|	11	|	1	|	0	|	1	|	0	|	0	|		|
200918	|	2	|	phylum	|		|	0	|	1	|	11	|	1	|	0	|	1	|	0	|	0	|		|
200930	|	2	|	phylum	|		|	0	|	1	|	11	|	1	|	0	|	1	|	0	|	0	|		|
200938	|	2	|	phylum	|		|	0	|	1	|	11	|	1	|	0	|	1	|	0	|	0	|		|
200940	|	2	|	phylum	|		|	0	|	1	|	11	|	1	|	0	|	1	|	0	|	0	|		|
201174	|	1783272	|	phylum	|		|	0	|	1	|	11	|	1	|	0	|	1	|	0	|	0	|		|
203682	|	1783257	|	phylum	|		|	0	|	1	|	11	|	1	|	0	|	1	|	0	|	0	|		|
203691	|	2	|	phylum	|		|	0	|	1	|	11	|	1	|	0	|	1	|	0	|	0	|		|
204428	|	1783257	|	phylum	|		|	0	|	1	|	11	|	1	|	0	|	1	|	0	|	0	|		|
214504	|	1913637	|	subphylum	|		|	4	|	1	|	1	|	1	|	4	|	1	|	0	|	0	|		|
221216	|	1794811	|	phylum	|		|	0	|	1	|	11	|	1	|	0	|	1	|	0	|	0	|		|
256845	|	1783257	|	phylum	|		|	0	|	1	|	11	|	1	|	0	|	1	|	0	|	0	|		|
265317	|	1783234	|	phylum	|		|	0	|	1	|	11	|	1	|	0	|	1	|	0	|	0	|		|
310840	|	1215728	|	phylum	|		|	1	|	1	|	1	|	1	|	5	|	1	|	0	|	0	|		|
363464	|	1783273	|	phylum	|		|	0	|	1	|	25	|	0	|	0	|	1	|	0	|	0	|		|
419944	|	42452	|	phylum	|		|	1	|	1	|	1	|	1	|	1	|	1	|	0	|	0	|		|
422282	|	1783234	|	phylum	|		|	0	|	1	|	11	|	1	|	0	|	1	|	0	|	0	|		|
431837	|	5878	|	subphylum	|		|	1	|	1	|	6	|	1	|	4	|	1	|	0	|	0	|		|
431838	|	5878	|	subphylum	|		|	1	|	1	|	6	|	1	|	4	|	1	|	0	|	0	|		|
447827	|	1783234	|	phylum	|		|	0	|	1	|	11	|	1	|	0	|	1	|	0	|	0	|		|
451459	|	4751	|	phylum	|		|	4	|	1	|	1	|	1	|	4	|	1	|	0	|	0	|		|
451507	|	1913637	|	subphylum	|		|	4	|	1	|	1	|	1	|	4	|	1	|	0	|	0	|		|
451827	|	1913638	|	subphylum	|		|	4	|	1	|	1	|	1	|	4	|	1	|	0	|	0	|		|
451828	|	1913638	|	subphylum	|		|	4	|	1	|	1	|	1	|	4	|	1	|	0	|	0	|		|
451866	|	4890	|	subphylum	|		|	4	|	1	|	1	|	1	|	4	|	1	|	0	|	0	|		|
452284	|	5204	|	subphylum	|		|	4	|	1	|	1	|	1	|	4	|	1	|	0	|	0	|		|
456828	|	1783270	|	phylum	|		|	0	|	1	|	11	|	1	|	0	|	1	|	0	|	0	|		|
508458	|	2	|	phylum	|		|	0	|	1	|	11	|	1	|	0	|	1	|	0	|	0	|		|
544448	|	1783272	|	phylum	|		|	0	|	1	|	11	|	1	|	0	|	1	|	0	|	0	|		|
569577	|	569578	|	phylum	|		|	4	|	1	|	1	|	1	|	1	|	1	|	0	|	0	|		|
640293	|	1783234	|	phylum	|		|	0	|	1	|	11	|	1	|	0	|	1	|	0	|	0	|		|
651137	|	1783275	|	phylum	|		|	0	|	1	|	11	|	1	|	0	|	1	|	0	|	0	|		|
743724	|	1783276	|	phylum	|		|	0	|	1	|	11	|	1	|	0	|	1	|	0	|	0	|		|
743725	|	1783276	|	phylum	|		|	0	|	1	|	11	|	1	|	0	|	1	|	0	|	0	|		|
877183	|	33630	|	phylum	|		|	1	|	1	|	1	|	1	|	4	|	1	|	0	|	0	|		|
928852	|	1783275	|	phylum	|		|	0	|	1	|	11	|	1	|	0	|	1	|	0	|	0	|		|
1031332	|	4751	|	phylum	|		|	4	|	1	|	1	|	1	|	4	|	1	|	0	|	0	|		|
1052197	|	1783234	|	phylum	|		|	0	|	1	|	11	|	1	|	0	|	1	|	0	|	0	|		|
1052815	|	1783234	|	phylum	|		|	0	|	1	|	11	|	1	|	0	|	1	|	0	|	0	|		|
1104542	|	1783234	|	phylum	|		|	0	|	1	|	11	|	1	|	0	|	1	|	0	|	0	|		|
1134404	|	68336	|	phylum	|		|	0	|	1	|	11	|	1	|	0	|	1	|	0	|	0	|		|
1137986	|	1913637	|	subphylum	|		|	4	|	1	|	1	|	1	|	4	|	1	|	0	|	0	|		|
1154675	|	1783234	|	phylum	|		|	0	|	1	|	11	|	1	|	0	|	1	|	0	|	0	|		|
1154676	|	1783234	|	phylum	|		|	0	|	1	|	11	|	1	|	0	|	1	|	0	|	0	|		|
1215728	|	1206794	|	superphylum	|		|	1	|	1	|	1	|	1	|	5	|	1	|	0	|	0	|		|
1264859	|	1913638	|	subphylum	|		|	4	|	1	|	1	|	1	|	4	|	1	|	0	|	0	|		|
1293497	|	1802340	|	phylum	|		|	0	|	1	|	11	|	1	|	0	|	1	|	0	|	0	|		|
1312402	|	33213	|	phylum	|		|	1	|	1	|	1	|	1	|	5	|	1	|	0	|	0	|		|
1379697	|	1783270	|	phylum	|		|	0	|	1	|	11	|	1	|	0	|	1	|	1	|	0	|		|
1383058	|	1783234	|	phylum	|		|	0	|	1	|	11	|	1	|	0	|	1	|	0	|	0	|		|
1448051	|	1783234	|	phylum	|		|	0	|	1	|	11	|	1	|	0	|	1	|	0	|	0	|		|
1448933	|	1783263	|	phylum	|		|	0	|	1	|	11	|	1	|	0	|	1	|	0	|	0	|		|
1448937	|	1783263	|	phylum	|		|	0	|	1	|	11	|	1	|	0	|	1	|	0	|	0	|		|
1462422	|	1783276	|	phylum	|		|	0	|	1	|	11	|	1	|	0	|	1	|	0	|	0	|		|
1462430	|	1783276	|	phylum	|		|	0	|	1	|	11	|	1	|	0	|	1	|	0	|	0	|		|
1492816	|	33630	|	phylum	|		|	1	|	1	|	1	|	1	|	4	|	1	|	0	|	0	|		|
1618330	|	1783234	|	phylum	|		|	0	|	1	|	11	|	1	|	0	|	1	|	0	|	0	|		|
1618338	|	1783234	|	phylum	|		|	0	|	1	|	11	|	1	|	0	|	1	|	0	|	0	|		|
1618339	|	1783234	|	phylum	|		|	0	|	1	|	11	|	1	|	0	|	1	|	0	|	0	|		|
1618340	|	1783234	|	phylum	|		|	0	|	1	|	11	|	1	|	0	|	1	|	0	|	0	|		|
1619053	|	1783234	|	phylum	|		|	0	|	1	|	11	|	1	|	0	|	1	|	0	|	0	|		|
1655434	|	1935183	|	phylum	|		|	0	|	1	|	11	|	1	|	0	|	1	|	0	|	0	|		|
1696033	|	451864	|	phylum	|		|	4	|	1	|	1	|	1	|	4	|	1	|	0	|	0	|		|
1703755	|	1783234	|	phylum	|		|	0	|	1	|	11	|	1	|	0	|	1	|	0	|	0	|		|
1704031	|	1783234	|	phylum	|		|	0	|	1	|	11	|	1	|	0	|	1	|	0	|	0	|		|
1706441	|	1935183	|	phylum	|		|	0	|	1	|	11	|	1	|	0	|	1	|	0	|	0	|		|
1729712	|	1783234	|	phylum	|		|	0	|	1	|	11	|	1	|	0	|	1	|	0	|	0	|		|
1752708	|	1783234	|	phylum	|		|	0	|	1	|	11	|	1	|	0	|	1	|	0	|	0	|		|
1752716	|	1783234	|	phylum	|		|	0	|	1	|	11	|	1	|	0	|	1	|	0	|	0	|		|
1752717	|	1794810	|	phylum	|		|	0	|	1	|	11	|	1	|	0	|	1	|	0	|	0	|		|
1752718	|	1794810	|	phylum	|		|	0	|	1	|	11	|	1	|	0	|	1	|	0	|	0	|		|
1752719	|	1794810	|	phylum	|		|	0	|	1	|	11	|	1	|	0	|	1	|	0	|	0	|		|
1752720	|	1794810	|	phylum	|		|	0	|	1	|	11	|	1	|	0	|	1	|	0	|	0	|		|
1752721	|	1794810	|	phylum	|		|	0	|	1	|	11	|	1	|	0	|	1	|	0	|	0	|		|
1752722	|	1794810	|	phylum	|		|	0	|	1	|	11	|	1	|	0	|	1	|	0	|	0	|		|
1752723	|	1794810	|	phylum	|		|	0	|	1	|	11	|	1	|	0	|	1	|	0	|	0	|		|
1752724	|	1794810	|	phylum	|		|	0	|	1	|	11	|	1	|	0	|	1	|	0	|	0	|		|
1752725	|	1794810	|	phylum	|		|	0	|	1	|	11	|	1	|	0	|	1	|	0	|	0	|		|
1752726	|	1794810	|	phylum	|		|	0	|	1	|	11	|	1	|	0	|	1	|	0	|	0	|		|
1752727	|	1794811	|	phylum	|		|	0	|	1	|	11	|	1	|	0	|	1	|	0	|	0	|		|
1752728	|	1794811	|	phylum	|		|	0	|	1	|	11	|	1	|	0	|	1	|	0	|	0	|		|
1752729	|	1794811	|	phylum	|		|	0	|	1	|	11	|	1	|	0	|	1	|	0	|	0	|		|
1752730	|	1794810	|	phylum	|		|	0	|	1	|	11	|	1	|	0	|	1	|	0	|	0	|		|
1752731	|	1794811	|	phylum	|		|	0	|	1	|	11	|	1	|	0	|	1	|	0	|	0	|		|
1752732	|	1794811	|	phylum	|		|	0	|	1	|	11	|	1	|	0	|	1	|	0	|	0	|		|
1752733	|	1794811	|	phylum	|		|	0	|	1	|	11	|	1	|	0	|	1	|	0	|	0	|		|
1752734	|	1794811	|	phylum	|		|	0	|	1	|	11	|	1	|	0	|	1	|	0	|	0	|		|
1752735	|	1794811	|	phylum	|		|	0	|	1	|	11	|	1	|	0	|	1	|	0	|	0	|		|
1752736	|	1794811	|	phylum	|		|	0	|	1	|	11	|	1	|	0	|	1	|	0	|	0	|		|
1752737	|	1794811	|	phylum	|		|	0	|	1	|	11	|	1	|	0	|	1	|	0	|	0	|		|
1752738	|	1794811	|	phylum	|		|	0	|	1	|	11	|	1	|	0	|	1	|	0	|	0	|		|
1752739	|	1794811	|	phylum	|		|	0	|	1	|	11	|	1	|	0	|	1	|	0	|	0	|		|
1752740	|	1794811	|	phylum	|		|	0	|	1	|	11	|	1	|	0	|	1	|	0	|	0	|		|
1752741	|	1794811	|	phylum	|		|	0	|	1	|	11	|	1	|	0	|	1	|	0	|	0	|		|
1798710	|	1798711	|	phylum	|		|	0	|	1	|	11	|	1	|	0	|	1	|	0	|	0	|		|
1801616	|	1783276	|	phylum	|		|	0	|	1	|	11	|	1	|	0	|	1	|	0	|	0	|		|
1801631	|	1783276	|	phylum	|		|	0	|	1	|	11	|	1	|	0	|	1	|	0	|	0	|		|
1802339	|	1802340	|	phylum	|		|	0	|	1	|	11	|	1	|	0	|	1	|	0	|	0	|		|
1817796	|	1783234	|	phylum	|		|	0	|	1	|	11	|	1	|	0	|	1	|	0	|	0	|		|
1817797	|	1783234	|	phylum	|		|	0	|	1	|	11	|	1	|	0	|	1	|	0	|	0	|		|
1817798	|	1783234	|	phylum	|		|	0	|	1	|	11	|	1	|	0	|	1	|	0	|	0	|		|
1817799	|	1783234	|	phylum	|		|	0	|	1	|	11	|	1	|	0	|	1	|	0	|	0	|		|
1817800	|	1783234	|	phylum	|		|	0	|	1	|	11	|	1	|	0	|	1	|	0	|	0	|		|
1817801	|	1783234	|	phylum	|		|	0	|	1	|	11	|	1	|	0	|	1	|	0	|	0	|		|
1817802	|	1783234	|	phylum	|		|	0	|	1	|	11	|	1	|	0	|	1	|	0	|	0	|		|
1817803	|	1783234	|	phylum	|		|	0	|	1	|	11	|	1	|	0	|	1	|	0	|	0	|		|
1817804	|	1783234	|	phylum	|		|	0	|	1	|	11	|	1	|	0	|	1	|	0	|	0	|		|
1817805	|	1783234	|	phylum	|		|	0	|	1	|	11	|	1	|	0	|	1	|	0	|	0	|		|
1817806	|	1783234	|	phylum	|		|	0	|	1	|	11	|	1	|	0	|	1	|	0	|	0	|		|
1817807	|	1783234	|	phylum	|		|	0	|	1	|	11	|	1	|	0	|	1	|	0	|	0	|		|
1817808	|	1783234	|	phylum	|		|	0	|	1	|	11	|	1	|	0	|	1	|	0	|	0	|		|
1817809	|	1783234	|	phylum	|		|	0	|	1	|	11	|	1	|	0	|	1	|	0	|	0	|		|
1817810	|	1783234	|	phylum	|		|	0	|	1	|	11	|	1	|	0	|	1	|	0	|	0	|		|
1817811	|	1783234	|	phylum	|		|	0	|	1	|	11	|	1	|	0	|	1	|	0	|	0	|		|
1817812	|	1783234	|	phylum	|		|	0	|	1	|	11	|	1	|	0	|	1	|	0	|	0	|		|
1817898	|	1794810	|	phylum	|		|	0	|	1	|	11	|	1	|	0	|	1	|	0	|	0	|		|
1817899	|	1794810	|	phylum	|		|	0	|	1	|	11	|	1	|	0	|	1	|	0	|	0	|		|
1817900	|	1794810	|	phylum	|		|	0	|	1	|	11	|	1	|	0	|	1	|	0	|	0	|		|
1817901	|	1794811	|	phylum	|		|	0	|	1	|	11	|	1	|	0	|	1	|	0	|	0	|		|
1817902	|	1794811	|	phylum	|		|	0	|	1	|	11	|	1	|	0	|	1	|	0	|	0	|		|
1817903	|	1794811	|	phylum	|		|	0	|	1	|	11	|	1	|	0	|	1	|	0	|	0	|		|
1817904	|	1794811	|	phylum	|		|	0	|	1	|	11	|	1	|	0	|	1	|	0	|	0	|		|
1817905	|	1794811	|	phylum	|		|	0	|	1	|	11	|	1	|	0	|	1	|	0	|	0	|		|
1817906	|	1794811	|	phylum	|		|	0	|	1	|	11	|	1	|	0	|	1	|	0	|	0	|		|
1817907	|	1794811	|	phylum	|		|	0	|	1	|	11	|	1	|	0	|	1	|	0	|	0	|		|
1817908	|	1794811	|	phylum	|		|	0	|	1	|	11	|	1	|	0	|	1	|	0	|	0	|		|
1817909	|	1794811	|	phylum	|		|	0	|	1	|	11	|	1	|	0	|	1	|	0	|	0	|		|
1817910	|	1794811	|	phylum	|		|	0	|	1	|	11	|	1	|	0	|	1	|	0	|	0	|		|
1817911	|	1794811	|	phylum	|		|	0	|	1	|	11	|	1	|	0	|	1	|	0	|	0	|		|
1817912	|	1794811	|	phylum	|		|	0	|	1	|	11	|	1	|	0	|	1	|	0	|	0	|		|
1817913	|	1794811	|	phylum	|		|	0	|	1	|	11	|	1	|	0	|	1	|	0	|	0	|		|
1817914	|	1794811	|	phylum	|		|	0	|	1	|	11	|	1	|	0	|	1	|	0	|	0	|		|
1817915	|	1794811	|	phylum	|		|	0	|	1	|	11	|	1	|	0	|	1	|	0	|	0	|		|
1817916	|	1794811	|	phylum	|		|	0	|	1	|	11	|	1	|	0	|	1	|	0	|	0	|		|
1817917	|	1794811	|	phylum	|		|	0	|	1	|	11	|	1	|	0	|	1	|	0	|	0	|		|
1817918	|	1794811	|	phylum	|		|	0	|	1	|	11	|	1	|	0	|	1	|	0	|	0	|		|
1817919	|	1794811	|	phylum	|		|	0	|	1	|	11	|	1	|	0	|	1	|	0	|	0	|		|
1817920	|	1794811	|	phylum	|		|	0	|	1	|	11	|	1	|	0	|	1	|	0	|	0	|		|
1817921	|	1794811	|	phylum	|		|	0	|	1	|	11	|	1	|	0	|	1	|	0	|	0	|		|
1817922	|	1794811	|	phylum	|		|	0	|	1	|	11	|	1	|	0	|	1	|	0	|	0	|		|
1817923	|	1794811	|	phylum	|		|	0	|	1	|	11	|	1	|	0	|	1	|	0	|	0	|		|
1817924	|	1794811	|	phylum	|		|	0	|	1	|	11	|	1	|	0	|	1	|	0	|	0	|		|
1817925	|	1794811	|	phylum	|		|	0	|	1	|	11	|	1	|	0	|	1	|	0	|	0	|		|
1817926	|	1783234	|	phylum	|		|	0	|	1	|	11	|	1	|	0	|	1	|	0	|	0	|		|
1819803	|	1783234	|	phylum	|		|	0	|	1	|	11	|	1	|	0	|	1	|	0	|	0	|		|
1853220	|	2	|	phylum	|		|	0	|	1	|	11	|	1	|	0	|	1	|	0	|	0	|		|
1855361	|	1783270	|	phylum	|		|	0	|	1	|	11	|	1	|	0	|	1	|	0	|	0	|		|
1913637	|	4751	|	phylum	|		|	4	|	1	|	1	|	1	|	4	|	1	|	0	|	0	|		|
1913638	|	4751	|	phylum	|		|	4	|	1	|	1	|	1	|	4	|	1	|	0	|	0	|		|
1915410	|	1783275	|	phylum	|		|	0	|	1	|	11	|	1	|	0	|	1	|	0	|	0	|		|
1930617	|	2	|	phylum	|		|	0	|	1	|	11	|	1	|	0	|	1	|	0	|	0	|		|
1936271	|	1935183	|	phylum	|		|	0	|	1	|	11	|	1	|	0	|	1	|	0	|	0	|		|
1936272	|	1935183	|	phylum	|		|	0	|	1	|	11	|	1	|	0	|	1	|	0	|	0	|		|
1936987	|	2	|	phylum	|		|	0	|	1	|	11	|	1	|	0	|	1	|	0	|	0	|		|
2013583	|	1783234	|	phylum	|		|	0	|	1	|	11	|	1	|	0	|	1	|	0	|	0	|		|
